25
Iasi 47.1585 27.5879
Suceava 47.6514 26.2554
Botosani 47.7487 26.6616
Piatra_Neamt 46.9275 26.3708
Bacau 46.5671 26.9146
Vaslui 46.6407 27.7276
Galati 45.4353 28.0459
Focsani 45.6947 27.1858
Roman 46.9215 26.9263
Barlad 46.2346 27.6693
Husi 46.6714 28.0597
Pascani 47.2486 26.7172
Falticeni 47.4597 26.2996
Campulung_Moldovenesc 47.5306 25.5498
Radauti 47.8489 25.9237
Dorohoi 47.9522 26.3975
Onesti 46.2399 26.7249
Adjud 46.1008 27.1788
Comanesti 46.4263 26.4353
Targu_Neamt 47.2050 26.3639
Moinesti 46.4683 26.4764
Tecuci 45.8469 27.4264
Targu_Ocna 46.2777 26.6196
Gura_Humorului 47.5513 25.8840
Vatra_Dornei 47.3464 25.3545
39
0 2 140 E58
0 11 78 E583
0 5 74 DN24
0 10 62 DN28
1 2 48 E58
1 11 48 E583
1 12 33 DN2
1 23 40 DN17A
1 14 37 DN2
2 15 43 DN29
3 8 46 DN15D
3 19 32 DN15C
3 4 59 DN15
4 8 44 DN2
4 20 30 DN2
4 16 45 DN11
4 17 56 E581
5 9 52 DN24
5 10 56 DJ244
6 21 67 E581
6 9 80 DN24
7 17 37 E85
7 21 70 DN23
8 11 45 DN2
9 10 40 DN24A
9 21 52 DN24
11 19 28 DN15C
11 12 28 DN2
12 23 45 DN2E
13 23 23 DN17A
13 24 60 DN17
14 23 40 DN17A
14 15 55 DN29A
16 18 16 DN12A
16 22 18 DN12A
16 17 42 E581
18 22 12 DN12A
18 20 25 DN12A
20 22 20 DN12A
